# JoJo's Bizarre Adventure - Overture
# Mapa de notas por IA Gemini
# Duração: 0:00 - 1:30

# Mapeamento de Teclas:
# Trilha 1 (A, verde): 97
# Trilha 2 (S, vermelho): 115
# Trilha 3 (D, amarelo): 100
# Trilha 4 (F, azul): 102
# Trilha 5 (G, laranja): 103

# Início Calmo (0:00)
1.5 97
2.5 115
3.5 100

5.0 97
5.5 115
6.0 100
6.5 102

# Crescendo (0:08)
8.0 97
8.3 115
8.6 97

9.5 102
9.8 100
10.1 102

11.0 115
11.3 100
11.6 115

12.5 103
12.8 102
13.1 103

# Entrada da Bateria e Metais (0:15)
15.0 97
15.2 97
15.6 115
16.0 115
16.5 100
16.7 103 # Prato
17.1 100
17.5 115

18.2 97
18.4 97
18.8 115
19.2 115
19.7 100
19.9 103 # Prato
20.3 100
20.7 115

# Tema Principal (0:22)
22.0 97
22.5 100
23.0 115
23.5 102
24.0 103

25.0 103
25.5 102
26.0 115
26.5 100
27.0 97

28.0 97
28.2 100
28.4 115
28.6 100
28.8 97
29.0 100
29.2 115

# Ponte (0:35)
35.0 97
35.5 115
36.0 97

37.0 100
37.5 102
38.0 100

39.0 115
39.5 103
40.0 115

# Seção Rápida (0:45)
45.0 97
45.2 115
45.4 97
45.6 115
45.8 100
46.0 102
46.2 100
46.4 102

47.0 115
47.2 103
47.4 115
47.6 103
47.8 100
48.0 102
48.2 100
48.4 102

# Reafirmação do Tema (0:58)
58.0 103
58.4 103
58.8 102
59.2 102
59.6 115
60.0 115

61.2 100
61.6 100
62.0 97
62.4 97
62.8 100
63.2 115

# Climax (1:10)
70.0 97
70.1 115
70.2 100
70.3 102
70.4 103

71.0 103
71.1 102
71.2 100
71.3 115
71.4 97

72.0 97
72.2 115
72.4 100
72.6 115
72.8 102
73.0 103
73.2 102
73.4 100

# Finalização da Seção (1:20)
80.0 97
80.5 97
81.0 102
81.5 102
82.0 100
82.5 100
83.0 115
83.5 115

85.0 103
85.5 103
86.0 103

# Fim do trecho em 1:30
90.0 97 # Nota final